0 0.0
1 45.0
2 63.43494882292201
3 71.56505117707799
4 75.96375653207353
5 78.69006752597979
6 80.53767779197439
7 81.86989764584403
8 82.8749836510982
9 83.6598082540901
10 84.28940686250037
11 84.8055710922652
12 85.23635830927383
13 85.60129464500447
14 85.91438322002513
15 86.18592516570965
16 86.42366562500266
17 86.63353933657021
18 86.82016988013577
19 86.98721249581666
20 87.13759477388825
21 87.27368900609373
22 87.39743779750019
23 87.51044707800085
24 87.61405596961119
25 87.70938995736148
26 87.7974018382342
27 87.87890360333854
28 87.95459151111278
29 88.02506598911803
30 88.09084756700362
31 88.15238973400541
32 88.21008939175394
33 88.26429541107161
34 88.31531568210372
35 88.36342295838328
36 88.40885972880542
37 88.45184230102204
38 88.49256424122504
39 88.53119928561418
40 88.56790381583535
41 88.60281897270363
42 88.63607246839707
43 88.66778014613037
44 88.69804732742112
45 88.72696997994329
46 88.75463573323165
47 88.78112476486871
48 88.80651057601797
49 88.83086067209258
50 88.8542371618249
51 88.87669728592458
52 88.89829388479363
53 88.91907581333932
54 88.93908830973577
55 88.95837332399003
56 88.97696981133217
57 88.99491399474583
58 89.01223960036019
59 89.02897806892084
60 89.04515874612783
61 89.06080905426442
62 89.07595464722729
63 89.09061955080087
64 89.10482628978893
65 89.11859600341786
66 89.13194855025446
67 89.14490260373329
68 89.15747573925958
69 89.169684513742
70 89.18154453831139
71 89.19307054489762
72 89.20427644726072
73 89.21517539700811
74 89.22577983507195
75 89.23610153907
76 89.24615166692924
77 89.2559407971113
78 89.26547896574519
79 89.27477570094075
80 89.28384005452959
81 89.29268063145574
82 89.30130561701652
83 89.30972280213493
84 89.31793960682735
85 89.32596310201549
86 89.33380002981687
87 89.3414568224364
88 89.3489396197705
89 89.35625428582463
90 89.36340642403653
91 89.37040139158974
92 89.37724431279368
93 89.38394009160076
94 89.39049342332481
95 89.39690880561947
96 89.40319054877082
97 89.40934278535333
98 89.41536947929482
99 89.42127443439225
100 89.42706130231652
101 89.43273359014206
102 89.43829466743345
103 89.44374777291934
104 89.44909602078144
105 89.45434240658429
106 89.45948981286934
107 89.46454101443547
108 89.4694986833262
109 89.47436539354239
110 89.47914362549805
111 89.48383577023516
112 89.48844413341295
113 89.49297093908523
114 89.49741833327897
115 89.50178838738636
116 89.50608310138125
117 89.51030440687077
118 89.51445416999186
119 89.51853419416165
120 89.52254622269042
121 89.52649194126508
122 89.53037298031036
123 89.53419091723501
124 89.53794727856923
125 89.54164354199956
126 89.54528113830686
127 89.54886145321272
128 89.55238582913945
129 89.55585556688807
130 89.55927192723898
131 89.56263613247927
132 89.56594936786058
133 89.56921278299137
134 89.5724274931666
135 89.57559458063852
136 89.5787150958314
137 89.58179005850292
138 89.58482045885513
139 89.58780725859768
140 89.59075139196506
141 89.59365376669096
142 89.59651526494126
143 89.59933674420785
144 89.60211903816541
145 89.60486295749251
146 89.60756929065913
147 89.61023880468194
148 89.61287224584905
149 89.6154703404155
150 89.61803379527097
151 89.62056329858102
152 89.62305952040288
153 89.62552311327718
154 89.62795471279671
155 89.63035493815298
156 89.63272439266191
157 89.63506366426935
158 89.63737332603749
159 89.63965393661277
160 89.64190604067643
161 89.64413016937813
162 89.64632684075355
163 89.64849656012665
164 89.65063982049722
165 89.65275710291424
166 89.65484887683589
167 89.65691560047647
168 89.65895772114115
169 89.66097567554856
170 89.6629698901422